5 0 0 1000000
8 9
1 1 1 1 1 1 1 1 1 
1 1 1 0 1 1 0 1 1 1 
0 0 0 1 0 0 1 0 0 
1 0 1 1 1 1 1 0 1 1 
1 0 0 0 0 0 1 0 0 
1 1 0 1 1 0 1 1 1 1 
0 1 0 0 1 0 0 0 0 
1 1 1 0 1 0 0 0 0 1 
0 0 0 0 1 0 0 0 0 
1 0 0 1 0 0 0 0 1 1 
1 0 0 1 0 0 1 0 1 
1 1 1 0 0 1 0 0 0 1 
0 0 0 1 1 0 0 1 1 
1 0 0 0 1 0 0 1 1 1 
1 0 1 0 1 1 1 0 0 
1 0 0 1 0 0 0 0 0 1 

1 1 1 1 1 1 1 1 1 
3.643010 643.108174 504.454367 0 0 0 0
1665.000000 0.000000 0.000000 0 0
1665.000000 0.000000 0.000000 0 0
1665.000000 0.000000 0.000000 0 0
1665.000000 0.000000 0.000000 0 0
1665.000000 0.000000 0.000000 0 0
2.708053 260.000000 275.000000 0 0 0 0
1665.000000 0.000000 0.000000 0 0
1665.000000 0.000000 0.000000 0 0
1665.000000 0.000000 0.000000 0 0
1665.000000 0.000000 0.000000 0 0
1665.000000 0.000000 0.000000 0 0
580.000000 755.000000 2 1
580.000000 755.000000 2 1
580.000000 755.000000 2 1
580.000000 755.000000 2 1
580.000000 755.000000 2 1
580.000000 755.000000 2 1
580.000000 755.000000 2 1
580.000000 755.000000 2 1
580.000000 755.000000 2 1
580.000000 755.000000 2 1
580.000000 755.000000 2 1
580.000000 755.000000 2 1
580.000000 755.000000 2 1
580.000000 755.000000 2 1
580.000000 755.000000 2 1
580.000000 755.000000 2 1
580.000000 755.000000 2 1
580.000000 755.000000 2 1
580.000000 755.000000 2 1
580.000000 755.000000 2 1
580.000000 755.000000 2 1
0.000000 0.000000 0 0
0.000000 0.000000 0 0
0.000000 0.000000 0 0
0.000000 0.000000 0 0
0.000000 0.000000 0 0
0.000000 0.000000 0 0
0.000000 0.000000 0 0
0.000000 0.000000 0 0
0.000000 0.000000 0 0
0.000000 0.000000 0 0
0.000000 0.000000 0 0
0.000000 0.000000 0 0
0.000000 0.000000 0 0
0.000000 0.000000 0 0
0.000000 0.000000 0 0
0.000000 0.000000 0 0
0.000000 0.000000 0 0
0.000000 0.000000 0 0
0.000000 0.000000 0 0
0.000000 0.000000 0 0
0.000000 0.000000 0 0
0.000000 0.000000 0 0
0.000000 0.000000 0 0
0.000000 0.000000 0 0
0.000000 0.000000 0 0
0.000000 0.000000 0 0
0.000000 0.000000 0 0
0.000000 0.000000 0 0
0.000000 0.000000 0 0
0.000000 0.000000 0 0
0.000000 0.000000 0 0
0.000000 0.000000 0 0
0.000000 0.000000 0 0
0.000000 0.000000 0 0
0.000000 0.000000 0 0
0.000000 0.000000 0 0
0.000000 0.000000 0 0
0.000000 0.000000 0 0
0.000000 0.000000 0 0
0.000000 0.000000 0 0
0.000000 0.000000 0 0
0.000000 0.000000 0 0
0.000000 0.000000 0 0
0.000000 0.000000 0 0
0.000000 0.000000 0 0
0.000000 0.000000 0 0
0.000000 0.000000 0 0
0.000000 0.000000 0 0
0.000000 0.000000 0 0
0.000000 0.000000 0 0
0.000000 0.000000 0 0
0.000000 0.000000 0 0
0.000000 0.000000 0 0
0.000000 0.000000 0 0
0.000000 0.000000 0 0
0.000000 0.000000 0 0
0.000000 0.000000 0 0
0.000000 0.000000 0 0
0.000000 0.000000 0 0
0.000000 0.000000 0 0
0.000000 0.000000 0 0
0.000000 0.000000 0 0
0.000000 0.000000 0 0
0.000000 0.000000 0 0
0.000000 0.000000 0 0
0.000000 0.000000 0 0
0.000000 0.000000 0 0
0.000000 0.000000 0 0
0.000000 0.000000 0 0
0.000000 0.000000 0 0
0.000000 0.000000 0 0
0.000000 0.000000 0 0
0.000000 0.000000 0 0
0.000000 0.000000 0 0
0.000000 0.000000 0 0
0.000000 0.000000 0 0
0.000000 0.000000 0 0
0.000000 0.000000 0 0
0.000000 0.000000 0 0
