5 1 1 1000000
10 10
1 1 1 1 1 1 1 1 1 1 
1 1 1 1 0 1 0 0 1 1 1 
0 0 0 0 0 1 0 1 0 0 
1 1 1 0 0 0 1 1 1 1 1 
0 0 1 0 0 0 0 0 0 0 
1 1 0 0 0 1 1 1 1 1 1 
0 0 0 0 1 0 0 0 0 0 
1 1 0 1 1 0 0 0 1 0 1 
0 1 0 1 1 0 1 0 1 0 
1 1 1 1 1 0 0 1 0 1 1 
0 0 0 0 1 0 1 1 0 0 
1 0 1 0 0 1 1 0 0 0 1 
0 0 0 0 0 1 0 1 0 0 
1 0 1 0 0 1 0 1 1 1 1 
0 0 1 1 1 1 0 0 1 0 
1 1 0 1 1 0 0 1 1 1 1 
1 1 0 0 0 0 1 0 0 0 
1 0 1 1 0 1 0 1 0 0 1 
1 0 0 1 1 0 1 1 0 1 
1 0 0 0 0 0 0 0 1 0 1 

1 1 1 1 1 1 1 1 1 1 
6.104070 637.712032 518.206858 0 0 0 0
11925.000000 0.000000 0.000000 0 0
11925.000000 0.000000 0.000000 0 0
11925.000000 0.000000 0.000000 0 0
11925.000000 0.000000 0.000000 0 0
11925.000000 0.000000 0.000000 0 0
2.513274 220.000000 355.000000 0 0 0 0
11925.000000 0.000000 0.000000 0 0
11925.000000 0.000000 0.000000 0 0
11925.000000 0.000000 0.000000 0 0
11925.000000 0.000000 0.000000 0 0
11925.000000 0.000000 0.000000 0 0
460.000000 275.000000 2 1
540.000000 355.000000 3 1
540.000000 355.000000 3 1
540.000000 355.000000 3 1
540.000000 195.000000 2 1
540.000000 195.000000 2 1
540.000000 195.000000 2 1
540.000000 195.000000 2 1
540.000000 195.000000 2 1
540.000000 195.000000 2 1
540.000000 195.000000 2 1
540.000000 195.000000 2 1
540.000000 195.000000 2 1
540.000000 195.000000 2 1
540.000000 195.000000 2 1
540.000000 195.000000 2 1
540.000000 195.000000 2 1
540.000000 195.000000 2 1
540.000000 195.000000 2 1
540.000000 195.000000 2 1
540.000000 195.000000 2 1
540.000000 195.000000 2 1
540.000000 195.000000 2 1
540.000000 195.000000 2 1
540.000000 195.000000 2 1
540.000000 195.000000 2 1
540.000000 195.000000 2 1
540.000000 195.000000 2 1
540.000000 195.000000 2 1
540.000000 195.000000 2 1
540.000000 195.000000 2 1
540.000000 195.000000 2 1
540.000000 195.000000 2 1
540.000000 195.000000 2 1
540.000000 195.000000 2 1
540.000000 195.000000 2 1
540.000000 195.000000 2 1
540.000000 195.000000 2 1
540.000000 195.000000 2 1
540.000000 195.000000 2 1
540.000000 195.000000 2 1
540.000000 195.000000 2 1
700.000000 835.000000 3 1
700.000000 835.000000 3 1
700.000000 835.000000 3 1
700.000000 835.000000 3 1
700.000000 835.000000 3 1
700.000000 835.000000 3 1
700.000000 835.000000 3 1
700.000000 835.000000 3 1
700.000000 835.000000 3 1
700.000000 835.000000 3 1
700.000000 835.000000 3 1
700.000000 835.000000 3 1
700.000000 835.000000 3 1
700.000000 835.000000 3 1
700.000000 835.000000 3 1
700.000000 835.000000 3 1
700.000000 835.000000 3 1
700.000000 835.000000 3 1
700.000000 835.000000 3 1
700.000000 835.000000 3 1
700.000000 835.000000 3 1
700.000000 835.000000 3 1
700.000000 835.000000 3 1
700.000000 835.000000 3 1
700.000000 835.000000 3 1
700.000000 835.000000 3 1
700.000000 835.000000 3 1
700.000000 835.000000 3 1
700.000000 835.000000 3 1
700.000000 835.000000 3 1
700.000000 835.000000 3 1
700.000000 835.000000 3 1
700.000000 835.000000 3 1
700.000000 835.000000 3 1
700.000000 835.000000 3 1
380.000000 435.000000 2 1
380.000000 435.000000 2 1
380.000000 435.000000 2 1
380.000000 435.000000 2 1
380.000000 435.000000 2 1
380.000000 435.000000 2 1
380.000000 435.000000 2 1
380.000000 435.000000 2 1
380.000000 435.000000 2 1
380.000000 435.000000 2 1
380.000000 435.000000 2 1
380.000000 435.000000 2 1
380.000000 435.000000 2 1
380.000000 435.000000 2 1
380.000000 435.000000 2 1
380.000000 435.000000 2 1
380.000000 435.000000 2 1
380.000000 435.000000 2 1
380.000000 435.000000 2 1
380.000000 435.000000 2 1
380.000000 435.000000 2 1
380.000000 435.000000 2 1
380.000000 435.000000 2 1
