5 0 0 1000000
8 9
1 1 1 1 1 1 1 1 1 
1 1 1 0 1 1 0 1 1 1 
0 0 0 1 0 0 1 0 0 
1 0 1 1 1 1 1 0 1 1 
1 0 0 0 0 0 1 0 0 
1 1 0 1 1 0 1 1 1 1 
0 1 0 0 1 0 0 0 0 
1 1 1 0 1 0 0 0 0 1 
0 0 0 0 1 0 0 0 0 
1 0 0 1 0 0 0 0 1 1 
1 0 0 1 0 0 1 0 1 
1 1 1 0 0 1 0 0 0 1 
0 0 0 1 1 0 0 1 1 
1 0 0 0 1 0 0 1 1 1 
1 0 1 0 1 1 1 0 0 
1 0 0 1 0 0 0 0 0 1 

1 1 1 1 1 1 1 1 1 
2.826195 442.820107 491.815702 0 0 0 0
655.000000 0.000000 0.000000 0 0
655.000000 0.000000 0.000000 0 0
655.000000 0.000000 0.000000 0 0
655.000000 0.000000 0.000000 0 0
655.000000 0.000000 0.000000 0 0
2.708053 260.000000 275.000000 0 0 0 0
655.000000 0.000000 0.000000 0 0
655.000000 0.000000 0.000000 0 0
655.000000 0.000000 0.000000 0 0
655.000000 0.000000 0.000000 0 0
655.000000 0.000000 0.000000 0 0
0.000000 0.000000 0 0
0.000000 0.000000 0 0
0.000000 0.000000 0 0
0.000000 0.000000 0 0
0.000000 0.000000 0 0
0.000000 0.000000 0 0
0.000000 0.000000 0 0
0.000000 0.000000 0 0
0.000000 0.000000 0 0
0.000000 0.000000 0 0
0.000000 0.000000 0 0
0.000000 0.000000 0 0
0.000000 0.000000 0 0
0.000000 0.000000 0 0
0.000000 0.000000 0 0
0.000000 0.000000 0 0
0.000000 0.000000 0 0
0.000000 0.000000 0 0
0.000000 0.000000 0 0
0.000000 0.000000 0 0
0.000000 0.000000 0 0
0.000000 0.000000 0 0
0.000000 0.000000 0 0
0.000000 0.000000 0 0
0.000000 0.000000 0 0
0.000000 0.000000 0 0
0.000000 0.000000 0 0
0.000000 0.000000 0 0
0.000000 0.000000 0 0
0.000000 0.000000 0 0
0.000000 0.000000 0 0
0.000000 0.000000 0 0
0.000000 0.000000 0 0
0.000000 0.000000 0 0
0.000000 0.000000 0 0
0.000000 0.000000 0 0
0.000000 0.000000 0 0
0.000000 0.000000 0 0
0.000000 0.000000 0 0
0.000000 0.000000 0 0
0.000000 0.000000 0 0
0.000000 0.000000 0 0
0.000000 0.000000 0 0
0.000000 0.000000 0 0
0.000000 0.000000 0 0
0.000000 0.000000 0 0
0.000000 0.000000 0 0
0.000000 0.000000 0 0
0.000000 0.000000 0 0
0.000000 0.000000 0 0
0.000000 0.000000 0 0
0.000000 0.000000 0 0
0.000000 0.000000 0 0
0.000000 0.000000 0 0
0.000000 0.000000 0 0
0.000000 0.000000 0 0
0.000000 0.000000 0 0
0.000000 0.000000 0 0
0.000000 0.000000 0 0
0.000000 0.000000 0 0
0.000000 0.000000 0 0
0.000000 0.000000 0 0
0.000000 0.000000 0 0
0.000000 0.000000 0 0
0.000000 0.000000 0 0
0.000000 0.000000 0 0
0.000000 0.000000 0 0
0.000000 0.000000 0 0
0.000000 0.000000 0 0
0.000000 0.000000 0 0
0.000000 0.000000 0 0
0.000000 0.000000 0 0
0.000000 0.000000 0 0
0.000000 0.000000 0 0
0.000000 0.000000 0 0
0.000000 0.000000 0 0
0.000000 0.000000 0 0
0.000000 0.000000 0 0
0.000000 0.000000 0 0
0.000000 0.000000 0 0
0.000000 0.000000 0 0
0.000000 0.000000 0 0
0.000000 0.000000 0 0
0.000000 0.000000 0 0
0.000000 0.000000 0 0
0.000000 0.000000 0 0
0.000000 0.000000 0 0
0.000000 0.000000 0 0
0.000000 0.000000 0 0
0.000000 0.000000 0 0
0.000000 0.000000 0 0
0.000000 0.000000 0 0
0.000000 0.000000 0 0
0.000000 0.000000 0 0
0.000000 0.000000 0 0
0.000000 0.000000 0 0
0.000000 0.000000 0 0
0.000000 0.000000 0 0
0.000000 0.000000 0 0
0.000000 0.000000 0 0
